# Convolution of a Gaussian source with Zheleznyak and two-stream kernels
# Generated:  2026-05-05T08:42:07
# Command:    Zheleznyak.py --ngroups 8 --threshold 1E-6 --write-to-file zheleznyak
# ngroups=8,  n_kept=6,  threshold=1.0e-06
# Source: Gaussian centred at 0.3*x_max, sigma = 0.04*x_max
# x_max = 1.523680e+02 Pa m  (= 4 / lambda1)
# All convolution values normalised by max(conv_zheleznyak)
# 
# Columns:
#   x                  : reduced coordinate p_O2*r  [Pa m]
#   source             : normalised Gaussian source (max = 1)  [dimensionless]
#   conv_zheleznyak    : photoionisation rate, Zheleznyak kernel, normalised  [dimensionless]
#   conv_twostream     : photoionisation rate, two-stream kernel, normalised  [dimensionless]
#
#                      x                  source         conv_zheleznyak          conv_twostream
          0.00000000e+00          3.72394689e-25          1.53331184e-02          1.52604978e-02
          2.54370618e-01          6.95239073e-25          1.55248456e-02          1.54535495e-02
          5.08741235e-01          1.29345659e-24          1.57195032e-02          1.56496351e-02
          7.63111853e-01          2.39804065e-24          1.59171479e-02          1.58488136e-02
          1.01748247e+00          4.43045383e-24          1.61178374e-02          1.60511455e-02
          1.27185309e+00          8.15693280e-24          1.63216314e-02          1.62566924e-02
          1.52622371e+00          1.49655454e-23          1.65285905e-02          1.64655177e-02
          1.78059432e+00          2.73618340e-23          1.67387772e-02          1.66776859e-02
          2.03496494e+00          4.98522604e-23          1.69522555e-02          1.68932633e-02
          2.28933556e+00          9.05131126e-23          1.71690908e-02          1.71123175e-02
          2.54370618e+00          1.63766527e-22          1.73893505e-02          1.73349179e-02
          2.79807679e+00          2.95274383e-22          1.76131034e-02          1.75611355e-02
          3.05244741e+00          5.30534215e-22          1.78404203e-02          1.77910429e-02
          3.30681803e+00          9.49922156e-22          1.80713738e-02          1.80247145e-02
          3.56118865e+00          1.69492167e-21          1.83060382e-02          1.82622264e-02
          3.81555927e+00          3.01368766e-21          1.85444900e-02          1.85036567e-02
          4.06992988e+00          5.33990882e-21          1.87868076e-02          1.87490852e-02
          4.32430050e+00          9.42880029e-21          1.90330716e-02          1.89985937e-02
          4.57867112e+00          1.65907503e-20          1.92833644e-02          1.92522661e-02
          4.83304174e+00          2.90912653e-20          1.95377711e-02          1.95101882e-02
          5.08741235e+00          5.08330523e-20          1.97963789e-02          1.97724479e-02
          5.34178297e+00          8.85149767e-20          2.00592772e-02          2.00391356e-02
          5.59615359e+00          1.53594026e-19          2.03265582e-02          2.03103435e-02
          5.85052421e+00          2.65594382e-19          2.05983163e-02          2.05861665e-02
          6.10489482e+00          4.57667884e-19          2.08746489e-02          2.08667016e-02
          6.35926544e+00          7.85903068e-19          2.11556558e-02          2.11520485e-02
          6.61363606e+00          1.34485210e-18          2.14414399e-02          2.14423093e-02
          6.86800668e+00          2.29333268e-18          2.17321068e-02          2.17375887e-02
          7.12237730e+00          3.89714522e-18          2.20277652e-02          2.20379944e-02
          7.37674791e+00          6.59953158e-18          2.23285271e-02          2.23436365e-02
          7.63111853e+00          1.11369592e-17          2.26345075e-02          2.26546283e-02
          7.88548915e+00          1.87286787e-17          2.29458250e-02          2.29710860e-02
          8.13985977e+00          3.13859040e-17          2.32626016e-02          2.32931289e-02
          8.39423038e+00          5.24142216e-17          2.35849630e-02          2.36208795e-02
          8.64860100e+00          8.72269391e-17          2.39130384e-02          2.39544637e-02
          8.90297162e+00          1.44656888e-16          2.42469614e-02          2.42940108e-02
          9.15734224e+00          2.39064230e-16          2.45868693e-02          2.46396536e-02
          9.41171285e+00          3.93710568e-16          2.49329036e-02          2.49915289e-02
          9.66608347e+00          6.46139870e-16          2.52852105e-02          2.53497770e-02
          9.92045409e+00          1.05672748e-15          2.56439405e-02          2.57145424e-02
          1.01748247e+01          1.72221139e-15          2.60092488e-02          2.60859736e-02
          1.04291953e+01          2.79702860e-15          2.63812959e-02          2.64642238e-02
          1.06835659e+01          4.52683172e-15          2.67602469e-02          2.68494501e-02
          1.09379366e+01          7.30094013e-15          2.71462727e-02          2.72418149e-02
          1.11923072e+01          1.17341117e-14          2.75395496e-02          2.76414850e-02
          1.14466778e+01          1.87935422e-14          2.79402595e-02          2.80486325e-02
          1.17010484e+01          2.99953589e-14          2.83485907e-02          2.84634349e-02
          1.19554190e+01          4.77074798e-14          2.87647375e-02          2.88860750e-02
          1.22097896e+01          7.56146387e-14          2.91889010e-02          2.93167416e-02
          1.24641603e+01          1.19429684e-13          2.96212888e-02          2.97556293e-02
          1.27185309e+01          1.87977417e-13          3.00621161e-02          3.02029393e-02
          1.29729015e+01          2.94839771e-13          3.05116051e-02          3.06588793e-02
          1.32272721e+01          4.60843480e-13          3.09699862e-02          3.11236638e-02
          1.34816427e+01          7.17807222e-13          3.14374977e-02          3.15975148e-02
          1.37360134e+01          1.11416418e-12          3.19143865e-02          3.20806618e-02
          1.39903840e+01          1.72336615e-12          3.24009083e-02          3.25733424e-02
          1.42447546e+01          2.65639660e-12          3.28973283e-02          3.30758025e-02
          1.44991252e+01          4.08032980e-12          3.34039214e-02          3.35882969e-02
          1.47534958e+01          6.24575023e-12          3.39209726e-02          3.41110899e-02
          1.50078664e+01          9.52710501e-12          3.44487778e-02          3.46444552e-02
          1.52622371e+01          1.44818580e-11          3.49876440e-02          3.51886774e-02
          1.55166077e+01          2.19368676e-11          3.55378901e-02          3.57440515e-02
          1.57709783e+01          3.31140221e-11          3.60998473e-02          3.63108843e-02
          1.60253489e+01          4.98122604e-11          3.66738599e-02          3.68894949e-02
          1.62797195e+01          7.46702420e-11          3.72602858e-02          3.74802149e-02
          1.65340902e+01          1.11543909e-10          3.78594973e-02          3.80833899e-02
          1.67884608e+01          1.66047048e-10          3.84718818e-02          3.86993797e-02
          1.70428314e+01          2.46322140e-10          3.90978428e-02          3.93285596e-02
          1.72972020e+01          3.64135259e-10          3.97378005e-02          3.99713209e-02
          1.75515726e+01          5.36425003e-10          4.03921927e-02          4.06280725e-02
          1.78059432e+01          7.87484990e-10          4.10614761e-02          4.12992412e-02
          1.80603139e+01          1.15202672e-09          4.17461271e-02          4.19852736e-02
          1.83146845e+01          1.67946057e-09          4.24466430e-02          4.26866368e-02
          1.85690551e+01          2.43985527e-09          4.31635432e-02          4.34038203e-02
          1.88234257e+01          3.53220022e-09          4.38973705e-02          4.41373366e-02
          1.90777963e+01          5.09581386e-09          4.46486926e-02          4.48877239e-02
          1.93321669e+01          7.32603166e-09          4.54181033e-02          4.56555467e-02
          1.95865376e+01          1.04956906e-08          4.62062248e-02          4.64413985e-02
          1.98409082e+01          1.49844306e-08          4.70137087e-02          4.72459031e-02
          2.00952788e+01          2.13184911e-08          4.78412384e-02          4.80697174e-02
          2.03496494e+01          3.02245382e-08          4.86895310e-02          4.89135330e-02
          2.06040200e+01          4.27021635e-08          4.95593397e-02          4.97780794e-02
          2.08583907e+01          6.01211221e-08          5.04514562e-02          5.06641264e-02
          2.11127613e+01          8.43512011e-08          5.13667132e-02          5.15724872e-02
          2.13671319e+01          1.17934931e-07          5.23059878e-02          5.25040216e-02
          2.16215025e+01          1.64316297e-07          5.32702043e-02          5.34596395e-02
          2.18758731e+01          2.28142299e-07          5.42603379e-02          5.44403051e-02
          2.21302437e+01          3.15658859e-07          5.52774186e-02          5.54470406e-02
          2.23846144e+01          4.35228318e-07          5.63225355e-02          5.64809314e-02
          2.26389850e+01          5.98002916e-07          5.73968417e-02          5.75431311e-02
          2.28933556e+01          8.18797394e-07          5.85015593e-02          5.86348669e-02
          2.31477262e+01          1.11721458e-06          5.96379851e-02          5.97574458e-02
          2.34020968e+01          1.51909080e-06          6.08074977e-02          6.09122619e-02
          2.36564674e+01          2.05834357e-06          6.20115639e-02          6.21008034e-02
          2.39108381e+01          2.77932281e-06          6.32517474e-02          6.33246614e-02
          2.41652087e+01          3.73978911e-06          6.45297172e-02          6.45855387e-02
          2.44195793e+01          5.01466847e-06          6.58472581e-02          6.58852605e-02
          2.46739499e+01          6.70076418e-06          6.72062812e-02          6.72257859e-02
          2.49283205e+01          8.92264132e-06          6.86088372e-02          6.86092200e-02
          2.51826912e+01          1.18399408e-05          7.00571294e-02          7.00378286e-02
          2.54370618e+01          1.56564257e-05          7.15535303e-02          7.15140537e-02
          2.56914324e+01          2.06311152e-05          7.31005981e-02          7.30405312e-02
          2.59458030e+01          2.70919198e-05          7.47010970e-02          7.46201098e-02
          2.62001736e+01          3.54522540e-05          7.63580183e-02          7.62558734e-02
          2.64545442e+01          4.62311734e-05          7.80746053e-02          7.79511648e-02
          2.67089149e+01          6.00776554e-05          7.98543797e-02          7.97096121e-02
          2.69632855e+01          7.77997190e-05          8.17011720e-02          8.15351589e-02
          2.72176561e+01          1.00399159e-04          8.36191547e-02          8.34320967e-02
          2.74720267e+01          1.29112745e-04          8.56128786e-02          8.54051007e-02
          2.77263973e+01          1.65460812e-04          8.76873139e-02          8.74592699e-02
          2.79807679e+01          2.11304224e-04          8.98478941e-02          8.96001704e-02
          2.82351386e+01          2.68910773e-04          9.21005645e-02          9.18338827e-02
          2.84895092e+01          3.41032067e-04          9.44518349e-02          9.41670531e-02
          2.87438798e+01          4.30992018e-04          9.69088366e-02          9.66069499e-02
          2.89982504e+01          5.42787991e-04          9.94793835e-02          9.91615224e-02
          2.92526210e+01          6.81205630e-04          1.02172038e-01          1.01839466e-01
          2.95069917e+01          8.51948260e-04          1.04996178e-01          1.04650288e-01
          2.97613623e+01          1.06178163e-03          1.07962074e-01          1.07604380e-01
          3.00157329e+01          1.31869447e-03          1.11080961e-01          1.10713092e-01
          3.02701035e+01          1.63207518e-03          1.14365116e-01          1.13988809e-01
          3.05244741e+01          2.01290429e-03          1.17827939e-01          1.17445024e-01
          3.07788447e+01          2.47396236e-03          1.21484033e-01          1.21096422e-01
          3.10332154e+01          3.03005173e-03          1.25349276e-01          1.24958949e-01
          3.12875860e+01          3.69823063e-03          1.29440899e-01          1.29049888e-01
          3.15419566e+01          4.49805679e-03          1.33777554e-01          1.33387925e-01
          3.17963272e+01          5.45183711e-03          1.38379369e-01          1.37993204e-01
          3.20506978e+01          6.58487905e-03          1.43268004e-01          1.42887382e-01
          3.23050684e+01          7.92573827e-03          1.48466678e-01          1.48093655e-01
          3.25594391e+01          9.50645606e-03          1.54000191e-01          1.53636779e-01
          3.28138097e+01          1.13627789e-02          1.59894921e-01          1.59543065e-01
          3.30681803e+01          1.35343519e-02          1.66178787e-01          1.65840348e-01
          3.33225509e+01          1.60648755e-02          1.72881199e-01          1.72557930e-01
          3.35769215e+01          1.90022163e-02          1.80032957e-01          1.79726489e-01
          3.38312922e+01          2.23984593e-02          1.87666129e-01          1.87377944e-01
          3.40856628e+01          2.63098898e-02          1.95813868e-01          1.95545293e-01
          3.43400334e+01          3.07968930e-02          2.04510204e-01          2.04262386e-01
          3.45944040e+01          3.59237590e-02          2.13789766e-01          2.13563667e-01
          3.48487746e+01          4.17583796e-02          2.23687469e-01          2.23483851e-01
          3.51031452e+01          4.83718274e-02          2.34238133e-01          2.34057553e-01
          3.53575159e+01          5.58378061e-02          2.45476055e-01          2.45318860e-01
          3.56118865e+01          6.42319625e-02          2.57434519e-01          2.57300842e-01
          3.58662571e+01          7.36310563e-02          2.70145253e-01          2.70035018e-01
          3.61206277e+01          8.41119815e-02          2.83637832e-01          2.83550758e-01
          3.63749983e+01          9.57506412e-02          2.97939033e-01          2.97874639e-01
          3.66293689e+01          1.08620679e-01          3.13072143e-01          3.13029763e-01
          3.68837396e+01          1.22792072e-01          3.29056234e-01          3.29035029e-01
          3.71381102e+01          1.38329605e-01          3.45905410e-01          3.45904381e-01
          3.73924808e+01          1.55291233e-01          3.63628033e-01          3.63646043e-01
          3.76468514e+01          1.73726366e-01          3.82225952e-01          3.82261746e-01
          3.79012220e+01          1.93674090e-01          4.01693736e-01          4.01745963e-01
          3.81555927e+01          2.15161374e-01          4.22017938e-01          4.22085169e-01
          3.84099633e+01          2.38201278e-01          4.43176397e-01          4.43257155e-01
          3.86643339e+01          2.62791225e-01          4.65137607e-01          4.65230385e-01
          3.89187045e+01          2.88911364e-01          4.87860156e-01          4.87963441e-01
          3.91730751e+01          3.16523082e-01          5.11292274e-01          5.11404569e-01
          3.94274457e+01          3.45567697e-01          5.35371485e-01          5.35491331e-01
          3.96818164e+01          3.75965407e-01          5.60024406e-01          5.60150398e-01
          3.99361870e+01          4.07614503e-01          5.85166679e-01          5.85297485e-01
          4.01905576e+01          4.40390928e-01          6.10703084e-01          6.10837457e-01
          4.04449282e+01          4.74148186e-01          6.36527812e-01          6.36664605e-01
          4.06992988e+01          5.08717662e-01          6.62524932e-01          6.62663103e-01
          4.09536694e+01          5.43909361e-01          6.88569044e-01          6.88707667e-01
          4.12080401e+01          5.79513082e-01          7.14526121e-01          7.14664387e-01
          4.14624107e+01          6.15300049e-01          7.40254545e-01          7.40391764e-01
          4.17167813e+01          6.51024973e-01          7.65606316e-01          7.65741919e-01
          4.19711519e+01          6.86428554e-01          7.90428444e-01          7.90561974e-01
          4.22255225e+01          7.21240370e-01          8.14564480e-01          8.14695594e-01
          4.24798932e+01          7.55182136e-01          8.37856197e-01          8.37984654e-01
          4.27342638e+01          7.87971269e-01          8.60145368e-01          8.60271025e-01
          4.29886344e+01          8.19324706e-01          8.81275636e-01          8.81398439e-01
          4.32430050e+01          8.48962903e-01          9.01094431e-01          9.01214404e-01
          4.34973756e+01          8.76613934e-01          9.19454908e-01          9.19572146e-01
          4.37517462e+01          9.02017616e-01          9.36217866e-01          9.36332525e-01
          4.40061169e+01          9.24929568e-01          9.51253617e-01          9.51365906e-01
          4.42604875e+01          9.45125109e-01          9.64443762e-01          9.64553934e-01
          4.45148581e+01          9.62402922e-01          9.75682852e-01          9.75791195e-01
          4.47692287e+01          9.76588394e-01          9.84879880e-01          9.84986711e-01
          4.50235993e+01          9.87536549e-01          9.91959595e-01          9.92065255e-01
          4.52779699e+01          9.95134520e-01          9.96863597e-01          9.96968442e-01
          4.55323406e+01          9.99303478e-01          9.99551194e-01          9.99655590e-01
          4.57867112e+01          1.00000000e+00          1.00000000e+00          1.00010432e+00
          4.60410818e+01          9.97216820e-01          9.98206273e-01          9.98310894e-01
          4.62954524e+01          9.90982954e-01          9.94184965e-01          9.94290255e-01
          4.65498230e+01          9.81363197e-01          9.87969502e-01          9.88075823e-01
          4.68041937e+01          9.68457003e-01          9.79611290e-01          9.79718989e-01
          4.70585643e+01          9.52396772e-01          9.69178960e-01          9.69288364e-01
          4.73129349e+01          9.33345589e-01          9.56757360e-01          9.56868769e-01
          4.75673055e+01          9.11494469e-01          9.42446333e-01          9.42560016e-01
          4.78216761e+01          8.87059171e-01          9.26359289e-01          9.26475473e-01
          4.80760467e+01          8.60276652e-01          9.08621607e-01          9.08740471e-01
          4.83304174e+01          8.31401257e-01          8.89368903e-01          8.89490567e-01
          4.85847880e+01          8.00700705e-01          8.68745193e-01          8.68869711e-01
          4.88391586e+01          7.68451988e-01          8.46900989e-01          8.47028339e-01
          4.90935292e+01          7.34937251e-01          8.23991366e-01          8.24121440e-01
          4.93478998e+01          7.00439737e-01          8.00174029e-01          8.00306628e-01
          4.96022705e+01          6.65239895e-01          7.75607426e-01          7.75742247e-01
          4.98566411e+01          6.29611700e-01          7.50448923e-01          7.50585558e-01
          5.01110117e+01          5.93819271e-01          7.24853088e-01          7.24991011e-01
          5.03653823e+01          5.58113822e-01          6.98970092e-01          6.99108662e-01
          5.06197529e+01          5.22731009e-01          6.72944261e-01          6.73082717e-01
          5.08741235e+01          4.87888681e-01          6.46912792e-01          6.47050254e-01
          5.11284942e+01          4.53785084e-01          6.21004648e-01          6.21140121e-01
          5.13828648e+01          4.20597496e-01          5.95339638e-01          5.95472015e-01
          5.16372354e+01          3.88481323e-01          5.70027684e-01          5.70155757e-01
          5.18916060e+01          3.57569608e-01          5.45168287e-01          5.45290756e-01
          5.21459766e+01          3.27972966e-01          5.20850171e-01          5.20965659e-01
          5.24003472e+01          2.99779886e-01          4.97151111e-01          4.97258178e-01
          5.26547179e+01          2.73057385e-01          4.74137929e-01          4.74235090e-01
          5.29090885e+01          2.47851960e-01          4.51866643e-01          4.51952391e-01
          5.31634591e+01          2.24190797e-01          4.30382759e-01          4.30455581e-01
          5.34178297e+01          2.02083195e-01          4.09721685e-01          4.09780088e-01
          5.36722003e+01          1.81522144e-01          3.89909247e-01          3.89951782e-01
          5.39265710e+01          1.62486026e-01          3.70962298e-01          3.70987579e-01
          5.41809416e+01          1.44940387e-01          3.52889388e-01          3.52896118e-01
          5.44353122e+01          1.28839731e-01          3.35691489e-01          3.35678482e-01
          5.46896828e+01          1.14129312e-01          3.19362753e-01          3.19328953e-01
          5.49440534e+01          1.00746874e-01          3.03891277e-01          3.03835780e-01
          5.51984240e+01          8.86243281e-02          2.89259888e-01          2.89181954e-01
          5.54527947e+01          7.76893208e-02          2.75446894e-01          2.75345968e-01
          5.57071653e+01          6.78666931e-02          2.62426829e-01          2.62302550e-01
          5.59615359e+01          5.90798039e-02          2.50171158e-01          2.50023365e-01
          5.62159065e+01          5.12517143e-02          2.38648939e-01          2.38477683e-01
          5.64702771e+01          4.43062242e-02          2.27827442e-01          2.27632984e-01
          5.67246477e+01          3.81687625e-02          2.17672714e-01          2.17455527e-01
          5.69790184e+01          3.27671307e-02          2.08150089e-01          2.07910854e-01
          5.72333890e+01          2.80321068e-02          1.99224642e-01          1.98964242e-01
          5.74877596e+01          2.38979176e-02          1.90861588e-01          1.90581098e-01
          5.77421302e+01          2.03025867e-02          1.83026622e-01          1.82727297e-01
          5.79965008e+01          1.71881717e-02          1.75686211e-01          1.75369475e-01
          5.82508715e+01          1.45009009e-02          1.68807831e-01          1.68475257e-01
          5.85052421e+01          1.21912232e-02          1.62360157e-01          1.62013450e-01
          5.87596127e+01          1.02137817e-02          1.56313208e-01          1.55954189e-01
          5.90139833e+01          8.52732578e-03          1.50638460e-01          1.50269044e-01
          5.92683539e+01          7.09457089e-03          1.45308915e-01          1.44931089e-01
          5.95227245e+01          5.88201875e-03          1.40299140e-01          1.39914944e-01
          5.97770952e+01          4.85974711e-03          1.35585282e-01          1.35196789e-01
          6.00314658e+01          4.00117853e-03          1.31145064e-01          1.30754356e-01
          6.02858364e+01          3.28283597e-03          1.26957747e-01          1.26566901e-01
          6.05402070e+01          2.68409220e-03          1.23004098e-01          1.22615160e-01
          6.07945776e+01          2.18691887e-03          1.19266324e-01          1.18881297e-01
          6.10489482e+01          1.77563995e-03          1.15728015e-01          1.15348840e-01
          6.13033189e+01          1.43669353e-03          1.12374066e-01          1.12002608e-01
          6.15576895e+01          1.15840483e-03          1.09190607e-01          1.08828641e-01
          6.18120601e+01          9.30772569e-04          1.06164919e-01          1.05814119e-01
          6.20664307e+01          7.45270251e-04          1.03285361e-01          1.02947288e-01
          6.23208013e+01          5.94663100e-04          1.00541286e-01          1.00217382e-01
          6.25751720e+01          4.72841068e-04          9.79229679e-02          9.76145483e-02
          6.28295426e+01          3.74667810e-04          9.54215262e-02          9.51297754e-02
          6.30839132e+01          2.95845228e-04          9.30288559e-02          9.27548234e-02
          6.33382838e+01          2.32792909e-04          9.07375601e-02          9.04821590e-02
          6.35926544e+01          1.82541629e-04          8.85408877e-02          8.83048939e-02
          6.38470250e+01          1.42639921e-04          8.64326740e-02          8.62167278e-02
          6.41013957e+01          1.11072680e-04          8.44072868e-02          8.42118947e-02
          6.43557663e+01          8.61907000e-05          8.24595763e-02          8.22851143e-02
          6.46101369e+01          6.66500620e-05          8.05848289e-02          8.04315467e-02
          6.48645075e+01          5.13603176e-05          7.87787253e-02          7.86467515e-02
          6.51188781e+01          3.94404479e-05          7.70373026e-02          7.69266502e-02
          6.53732487e+01          3.01816494e-05          7.53569191e-02          7.52674919e-02
          6.56276194e+01          2.30160660e-05          7.37342237e-02          7.36658233e-02
          6.58819900e+01          1.74906607e-05          7.21661274e-02          7.21184599e-02
          6.61363606e+01          1.32454991e-05          7.06497778e-02          7.06224616e-02
          6.63907312e+01          9.99579715e-06          6.91825368e-02          6.91751098e-02
          6.66451018e+01          7.51715552e-06          6.77619599e-02          6.77738873e-02
          6.68994725e+01          5.63347835e-06          6.63857779e-02          6.64164598e-02
          6.71538431e+01          4.20713762e-06          6.50518810e-02          6.51006595e-02
          6.74082137e+01          3.13100529e-06          6.37583037e-02          6.38244706e-02
          6.76625843e+01          2.32203027e-06          6.25032122e-02          6.25860159e-02
          6.79169549e+01          1.71608560e-06          6.12848924e-02          6.13835448e-02
          6.81713255e+01          1.26385431e-06          6.01017396e-02          6.02154227e-02
          6.84256962e+01          9.27560125e-07          5.89522493e-02          5.90801212e-02
          6.86800668e+01          6.78381698e-07          5.78350085e-02          5.79762098e-02
          6.89344374e+01          4.94416742e-07          5.67486885e-02          5.69023473e-02
          6.91888080e+01          3.59086608e-07          5.56920379e-02          5.58572753e-02
          6.94431786e+01          2.59891599e-07          5.46638769e-02          5.48398116e-02
          6.96975492e+01          1.87444313e-07          5.36630913e-02          5.38488441e-02
          6.99519199e+01          1.34722239e-07          5.26886280e-02          5.28833260e-02
          7.02062905e+01          9.64924440e-08          5.17394903e-02          5.19422704e-02
          7.04606611e+01          6.88706713e-08          5.08147340e-02          5.10247460e-02
          7.07150317e+01          4.89849105e-08          4.99134637e-02          5.01298736e-02
          7.09694023e+01          3.47198081e-08          4.90348291e-02          4.92568217e-02
          7.12237730e+01          2.45233224e-08          4.81780225e-02          4.84048035e-02
          7.14781436e+01          1.72610930e-08          4.73422757e-02          4.75730738e-02
          7.17325142e+01          1.21072155e-08          4.65268573e-02          4.67609260e-02
          7.19868848e+01          8.46266684e-09          4.57310708e-02          4.59676897e-02
          7.22412554e+01          5.89463896e-09          4.49542520e-02          4.51927282e-02
          7.24956260e+01          4.09160943e-09          4.41957673e-02          4.44354360e-02
          7.27499967e+01          2.83020651e-09          4.34550117e-02          4.36952373e-02
          7.30043673e+01          1.95087334e-09          4.27314071e-02          4.29715836e-02
          7.32587379e+01          1.34006855e-09          4.20244011e-02          4.22639523e-02
          7.35131085e+01          9.17301180e-10          4.13334650e-02          4.15718448e-02
          7.37674791e+01          6.25725540e-10          4.06580929e-02          4.08947854e-02
          7.40218497e+01          4.25346444e-10          3.99978001e-02          4.02323192e-02
          7.42762204e+01          2.88130162e-10          3.93521222e-02          3.95840118e-02
          7.45305910e+01          1.94500909e-10          3.87206139e-02          3.89494473e-02
          7.47849616e+01          1.30840303e-10          3.81028481e-02          3.83282274e-02
          7.50393322e+01          8.77098646e-11          3.74984148e-02          3.77199705e-02
          7.52937028e+01          5.85925412e-11          3.69069201e-02          3.71243107e-02
          7.55480735e+01          3.90052640e-11          3.63279859e-02          3.65408969e-02
          7.58024441e+01          2.58756401e-11          3.57612486e-02          3.59693920e-02
          7.60568147e+01          1.71059019e-11          3.52063586e-02          3.54094719e-02
          7.63111853e+01          1.12690640e-11          3.46629793e-02          3.48608250e-02
          7.65655559e+01          7.39804058e-12          3.41307872e-02          3.43231516e-02
          7.68199265e+01          4.83985740e-12          3.36094706e-02          3.37961632e-02
          7.70742972e+01          3.15526192e-12          3.30987290e-02          3.32795816e-02
          7.73286678e+01          2.04986501e-12          3.25982734e-02          3.27731388e-02
          7.75830384e+01          1.32709527e-12          3.21078246e-02          3.22765764e-02
          7.78374090e+01          8.56181683e-13          3.16271138e-02          3.17896450e-02
          7.80917796e+01          5.50448584e-13          3.11558815e-02          3.13121035e-02
          7.83461503e+01          3.52658681e-13          3.06938774e-02          3.08437195e-02
          7.86005209e+01          2.25153858e-13          3.02408596e-02          3.03842678e-02
          7.88548915e+01          1.43248869e-13          2.97965947e-02          2.99335312e-02
          7.91092621e+01          9.08217786e-14          2.93608573e-02          2.94912990e-02
          7.93636327e+01          5.73820155e-14          2.89334294e-02          2.90573677e-02
          7.96180033e+01          3.61283883e-14          2.85141005e-02          2.86315400e-02
          7.98723740e+01          2.26677478e-14          2.81026667e-02          2.82136248e-02
          8.01267446e+01          1.41727834e-14          2.76989312e-02          2.78034369e-02
          8.03811152e+01          8.83057372e-15          2.73027033e-02          2.74007967e-02
          8.06354858e+01          5.48289193e-15          2.69137985e-02          2.70055302e-02
          8.08898564e+01          3.39248116e-15          2.65320384e-02          2.66174682e-02
          8.11442270e+01          2.09176166e-15          2.61572499e-02          2.62364467e-02
          8.13985977e+01          1.28526874e-15          2.57892655e-02          2.58623065e-02
          8.16529683e+01          7.86978170e-16          2.54279231e-02          2.54948928e-02
          8.19073389e+01          4.80195870e-16          2.50730653e-02          2.51340554e-02
          8.21617095e+01          2.91985409e-16          2.47245397e-02          2.47796481e-02
          8.24160801e+01          1.76925679e-16          2.43821985e-02          2.44315289e-02
          8.26704508e+01          1.06833532e-16          2.40458983e-02          2.40895596e-02
          8.29248214e+01          6.42852443e-17          2.37155001e-02          2.37536060e-02
          8.31791920e+01          3.85480135e-17          2.33908688e-02          2.34235372e-02
          8.34335626e+01          2.30345483e-17          2.30718736e-02          2.30992261e-02
          8.36879332e+01          1.37165343e-17          2.27583873e-02          2.27805488e-02
          8.39423038e+01          8.13946910e-18          2.24502865e-02          2.24673848e-02
          8.41966745e+01          4.81320943e-18          2.21474512e-02          2.21596166e-02
          8.44510451e+01          2.83635399e-18          2.18497650e-02          2.18571297e-02
          8.47054157e+01          1.66560916e-18          2.15571147e-02          2.15598128e-02
          8.49597863e+01          9.74704029e-19          2.12693903e-02          2.12675573e-02
          8.52141569e+01          5.68406999e-19          2.09864851e-02          2.09802573e-02
          8.54685275e+01          3.30318628e-19          2.07082949e-02          2.06978095e-02
          8.57228982e+01          1.91290635e-19          2.04347188e-02          2.04201135e-02
          8.59772688e+01          1.10392952e-19          2.01656584e-02          2.01470711e-02
          8.62316394e+01          6.34857095e-20          1.99010183e-02          1.98785865e-02
          8.64860100e+01          3.63829243e-20          1.96407052e-02          1.96145665e-02
          8.67403806e+01          2.07781186e-20          1.93846286e-02          1.93549201e-02
          8.69947513e+01          1.18250186e-20          1.91327005e-02          1.90995582e-02
          8.72491219e+01          6.70632259e-21          1.88848351e-02          1.88483944e-02
          8.75034925e+01          3.79012943e-21          1.86409487e-02          1.86013438e-02
          8.77578631e+01          2.13457115e-21          1.84009601e-02          1.83583239e-02
          8.80122337e+01          1.19799284e-21          1.81647900e-02          1.81192541e-02
          8.82666043e+01          6.70015432e-22          1.79323612e-02          1.78840556e-02
          8.85209750e+01          3.73424134e-22          1.77035985e-02          1.76526516e-02
          8.87753456e+01          2.07399140e-22          1.74784286e-02          1.74249669e-02
          8.90297162e+01          1.14788536e-22          1.72567800e-02          1.72009282e-02
          8.92840868e+01          6.33106939e-23          1.70385831e-02          1.69804639e-02
          8.95384574e+01          3.47970659e-23          1.68237699e-02          1.67635040e-02
          8.97928280e+01          1.90587832e-23          1.66122744e-02          1.65499801e-02
          9.00471987e+01          1.04024278e-23          1.64040318e-02          1.63398256e-02
          9.03015693e+01          5.65797786e-24          1.61989791e-02          1.61329750e-02
          9.05559399e+01          3.06672456e-24          1.59970550e-02          1.59293645e-02
          9.08103105e+01          1.65643841e-24          1.57981994e-02          1.57289320e-02
          9.10646811e+01          8.91585111e-25          1.56023539e-02          1.55316164e-02
          9.13190518e+01          4.78230550e-25          1.54094612e-02          1.53373581e-02
          9.15734224e+01          2.55622348e-25          1.52194657e-02          1.51460991e-02
          9.18277930e+01          1.36159302e-25          1.50323129e-02          1.49577822e-02
          9.20821636e+01          7.22741190e-26          1.48479496e-02          1.47723519e-02
          9.23365342e+01          3.82300874e-26          1.46663240e-02          1.45897538e-02
          9.25909048e+01          2.01518429e-26          1.44873854e-02          1.44099347e-02
          9.28452755e+01          1.05854967e-26          1.43110842e-02          1.42328424e-02
          9.30996461e+01          5.54108367e-27          1.41373721e-02          1.40584262e-02
          9.33540167e+01          2.89044805e-27          1.39662017e-02          1.38866363e-02
          9.36083873e+01          1.50252817e-27          1.37975270e-02          1.37174239e-02
          9.38627579e+01          7.78335915e-28          1.36313027e-02          1.35507414e-02
          9.41171285e+01          4.01789435e-28          1.34674847e-02          1.33865424e-02
          9.43714992e+01          2.06688802e-28          1.33060300e-02          1.32247810e-02
          9.46258698e+01          1.05955225e-28          1.31468963e-02          1.30654129e-02
          9.48802404e+01          5.41271052e-29          1.29900424e-02          1.29083943e-02
          9.51346110e+01          2.75546068e-29          1.28354280e-02          1.27536825e-02
          9.53889816e+01          1.39785019e-29          1.26830136e-02          1.26012358e-02
          9.56433523e+01          7.06665738e-30          1.25327607e-02          1.24510133e-02
          9.58977229e+01          3.56003637e-30          1.23846316e-02          1.23029750e-02
          9.61520935e+01          1.78723569e-30          1.22385893e-02          1.21570816e-02
          9.64064641e+01          8.94120834e-31          1.20945977e-02          1.20132949e-02
          9.66608347e+01          4.45756408e-31          1.19526215e-02          1.18715774e-02
          9.69152053e+01          2.21455245e-31          1.18126261e-02          1.17318922e-02
          9.71695760e+01          1.09638059e-31          1.16745776e-02          1.15942035e-02
          9.74239466e+01          5.40908369e-32          1.15384429e-02          1.14584760e-02
          9.76783172e+01          2.65933505e-32          1.14041895e-02          1.13246752e-02
          9.79326878e+01          1.30289497e-32          1.12717857e-02          1.11927675e-02
          9.81870584e+01          6.36110775e-33          1.11412004e-02          1.10627197e-02
          9.84414290e+01          3.09487484e-33          1.10124031e-02          1.09344995e-02
          9.86957997e+01          1.50051528e-33          1.08853639e-02          1.08080751e-02
          9.89501703e+01          7.24977867e-34          1.07600538e-02          1.06834157e-02
          9.92045409e+01          3.49056772e-34          1.06364440e-02          1.05604906e-02
          9.94589115e+01          1.67476695e-34          1.05145066e-02          1.04392703e-02
          9.97132821e+01          8.00755056e-35          1.03942139e-02          1.03197254e-02
          9.99676528e+01          3.81532898e-35          1.02755393e-02          1.02018275e-02
          1.00222023e+02          1.81155401e-35          1.01584562e-02          1.00855485e-02
          1.00476394e+02          8.57151472e-36          1.00429388e-02          9.97086100e-03
          1.00730765e+02          4.04157701e-36          9.92896177e-03          9.85773815e-03
          1.00985135e+02          1.89902698e-36          9.81650032e-03          9.74615363e-03
          1.01239506e+02          8.89197856e-37          9.70553010e-03          9.63608163e-03
          1.01493876e+02          4.14908825e-37          9.59602723e-03          9.52749688e-03
          1.01748247e+02          1.92927408e-37          9.48796832e-03          9.42037461e-03
          1.02002618e+02          8.93968432e-38          9.38133044e-03          9.31469054e-03
          1.02256988e+02          4.12797853e-38          9.27609109e-03          9.21042089e-03
          1.02511359e+02          1.89950163e-38          9.17222820e-03          9.10754234e-03
          1.02765730e+02          8.71021559e-39          9.06972015e-03          9.00603204e-03
          1.03020100e+02          3.98020218e-39          8.96854572e-03          8.90586757e-03
          1.03274471e+02          1.81245968e-39          8.86868407e-03          8.80702698e-03
          1.03528841e+02          8.22467170e-40          8.77011481e-03          8.70948875e-03
          1.03783212e+02          3.71925351e-40          8.67281788e-03          8.61323175e-03
          1.04037583e+02          1.67602304e-40          8.57677364e-03          8.51823530e-03
          1.04291953e+02          7.52646737e-41          8.48196279e-03          8.42447911e-03
          1.04546324e+02          3.36813410e-41          8.38836640e-03          8.33194328e-03
          1.04800694e+02          1.50201600e-41          8.29596591e-03          8.24060830e-03
          1.05055065e+02          6.67493037e-42          8.20474308e-03          8.15045503e-03
          1.05309436e+02          2.95601010e-42          8.11468001e-03          8.06146472e-03
          1.05563806e+02          1.30452402e-42          8.02575914e-03          7.97361895e-03
          1.05818177e+02          5.73700517e-43          7.93796323e-03          7.88689968e-03
          1.06072548e+02          2.51423227e-43          7.85127535e-03          7.80128921e-03
          1.06326918e+02          1.09802580e-43          7.76567887e-03          7.71677015e-03
          1.06581289e+02          4.77866612e-44          7.68115749e-03          7.63332549e-03
          1.06835659e+02          2.07246796e-44          7.59769516e-03          7.55093849e-03
          1.07090030e+02          8.95686350e-45          7.51527616e-03          7.46959277e-03
          1.07344401e+02          3.85754570e-45          7.43388503e-03          7.38927223e-03
          1.07598771e+02          1.65559154e-45          7.35350659e-03          7.30996109e-03
          1.07853142e+02          7.08079973e-46          7.27412593e-03          7.23164384e-03
          1.08107513e+02          3.01785533e-46          7.19572840e-03          7.15430530e-03
          1.08361883e+02          1.28174466e-46          7.11829962e-03          7.07793055e-03
          1.08616254e+02          5.42489843e-47          7.04182546e-03          7.00250493e-03
          1.08870624e+02          2.28806680e-47          6.96629203e-03          6.92801408e-03
          1.09124995e+02          9.61684865e-48          6.89168568e-03          6.85444389e-03
          1.09379366e+02          4.02794802e-48          6.81799301e-03          6.78178052e-03
          1.09633736e+02          1.68120985e-48          6.74520084e-03          6.71001038e-03
          1.09888107e+02          6.99273371e-49          6.67329623e-03          6.63912011e-03
          1.10142477e+02          2.89840485e-49          6.60226645e-03          6.56909663e-03
          1.10396848e+02          1.19717627e-49          6.53209900e-03          6.49992706e-03
          1.10651219e+02          4.92769869e-50          6.46278159e-03          6.43159879e-03
          1.10905589e+02          2.02123674e-50          6.39430213e-03          6.36409941e-03
          1.11159960e+02          8.26184830e-51          6.32664875e-03          6.29741673e-03
          1.11414331e+02          3.36530355e-51          6.25980977e-03          6.23153882e-03
          1.11668701e+02          1.36602379e-51          6.19377372e-03          6.16645391e-03
          1.11923072e+02          5.52559791e-52          6.12852930e-03          6.10215047e-03
          1.12177442e+02          2.22734395e-52          6.06406541e-03          6.03861719e-03
          1.12431813e+02          8.94709997e-53          6.00037116e-03          5.97584291e-03
          1.12686184e+02          3.58149448e-53          5.93743580e-03          5.91381673e-03
          1.12940554e+02          1.42867445e-53          5.87524878e-03          5.85252788e-03
          1.13194925e+02          5.67922743e-54          5.81379974e-03          5.79196583e-03
          1.13449295e+02          2.24973953e-54          5.75307845e-03          5.73212021e-03
          1.13703666e+02          8.88100697e-55          5.69307488e-03          5.67298084e-03
          1.13958037e+02          3.49364825e-55          5.63377915e-03          5.61453770e-03
          1.14212407e+02          1.36956654e-55          5.57518156e-03          5.55678096e-03
          1.14466778e+02          5.35025018e-56          5.51727254e-03          5.49970097e-03
          1.14721149e+02          2.08282143e-56          5.46004270e-03          5.44328821e-03
          1.14975519e+02          8.08010454e-57          5.40348279e-03          5.38753336e-03
          1.15229890e+02          3.12369710e-57          5.34758370e-03          5.33242724e-03
          1.15484260e+02          1.20339401e-57          5.29233648e-03          5.27796084e-03
          1.15738631e+02          4.61991268e-58          5.23773233e-03          5.22412529e-03
          1.15993002e+02          1.76744816e-58          5.18376257e-03          5.17091188e-03
          1.16247372e+02          6.73824186e-59          5.13041867e-03          5.11831203e-03
          1.16501743e+02          2.55996189e-59          5.07769224e-03          5.06631733e-03
          1.16756114e+02          9.69186596e-60          5.02557501e-03          5.01491950e-03
          1.17010484e+02          3.65652285e-60          4.97405885e-03          4.96411040e-03
          1.17264855e+02          1.37472610e-60          4.92313576e-03          4.91388201e-03
          1.17519225e+02          5.15051977e-61          4.87279786e-03          4.86422647e-03
          1.17773596e+02          1.92297188e-61          4.82303738e-03          4.81513603e-03
          1.18027967e+02          7.15454141e-62          4.77384670e-03          4.76660307e-03
          1.18282337e+02          2.65263603e-62          4.72521830e-03          4.71862012e-03
          1.18536708e+02          9.80077727e-63          4.67714477e-03          4.67117979e-03
          1.18791078e+02          3.60853041e-63          4.62961884e-03          4.62427486e-03
          1.19045449e+02          1.32399765e-63          4.58263333e-03          4.57789817e-03
          1.19299820e+02          4.84095506e-64          4.53618117e-03          4.53204274e-03
          1.19554190e+02          1.76385095e-64          4.49025542e-03          4.48670165e-03
          1.19808561e+02          6.40441858e-65          4.44484922e-03          4.44186812e-03
          1.20062932e+02          2.31731209e-65          4.39995583e-03          4.39753547e-03
          1.20317302e+02          8.35557499e-66          4.35556861e-03          4.35369714e-03
          1.20571673e+02          3.00230734e-66          4.31168101e-03          4.31034665e-03
          1.20826043e+02          1.07503091e-66          4.26828659e-03          4.26747764e-03
          1.21080414e+02          3.83595713e-67          4.22537902e-03          4.22508385e-03
          1.21334785e+02          1.36399737e-67          4.18295203e-03          4.18315913e-03
          1.21589155e+02          4.83326176e-68          4.14099948e-03          4.14169739e-03
          1.21843526e+02          1.70668784e-68          4.09951530e-03          4.10069268e-03
          1.22097896e+02          6.00557872e-69          4.05849351e-03          4.06013912e-03
          1.22352267e+02          2.10592368e-69          4.01792823e-03          4.02003092e-03
          1.22606638e+02          7.35897601e-70          3.97781366e-03          3.98036238e-03
          1.22861008e+02          2.56259007e-70          3.93814410e-03          3.94112791e-03
          1.23115379e+02          8.89258214e-71          3.89891391e-03          3.90232198e-03
          1.23369750e+02          3.07513103e-71          3.86011755e-03          3.86393915e-03
          1.23624120e+02          1.05970836e-71          3.82174955e-03          3.82597408e-03
          1.23878491e+02          3.63911758e-72          3.78380453e-03          3.78842150e-03
          1.24132861e+02          1.24535397e-72          3.74627719e-03          3.75127622e-03
          1.24387232e+02          4.24694391e-73          3.70916231e-03          3.71453313e-03
          1.24641603e+02          1.44326884e-73          3.67245472e-03          3.67818719e-03
          1.24895973e+02          4.88770446e-74          3.63614934e-03          3.64223345e-03
          1.25150344e+02          1.64948981e-74          3.60024119e-03          3.60666704e-03
          1.25404715e+02          5.54729583e-75          3.56472532e-03          3.57148313e-03
          1.25659085e+02          1.85908828e-75          3.52959688e-03          3.53667700e-03
          1.25913456e+02          6.20877171e-76          3.49485107e-03          3.50224398e-03
          1.26167826e+02          2.06632374e-76          3.46048317e-03          3.46817947e-03
          1.26422197e+02          6.85295739e-77          3.42648853e-03          3.43447894e-03
          1.26676568e+02          2.26487737e-77          3.39286256e-03          3.40113794e-03
          1.26930938e+02          7.45930468e-78          3.35960073e-03          3.36815207e-03
          1.27185309e+02          2.44815548e-78          3.32669859e-03          3.33551699e-03
          1.27439679e+02          8.00694117e-79          3.29415173e-03          3.30322844e-03
          1.27694050e+02          2.60964405e-79          3.26195583e-03          3.27128222e-03
          1.27948421e+02          8.47584302e-80          3.23010661e-03          3.23967417e-03
          1.28202791e+02          2.74328879e-80          3.19859986e-03          3.20840022e-03
          1.28457162e+02          8.84804142e-81          3.16743142e-03          3.17745635e-03
          1.28711533e+02          2.84387012e-81          3.13659720e-03          3.14683857e-03
          1.28965903e+02          9.10876221e-82          3.10609316e-03          3.11654299e-03
          1.29220274e+02          2.90734094e-82          3.07591530e-03          3.08656574e-03
          1.29474644e+02          9.24739818e-83          3.04605972e-03          3.05690304e-03
          1.29729015e+02          2.93109669e-83          3.01652253e-03          3.02755112e-03
          1.29983386e+02          9.25822492e-84          2.98729991e-03          2.99850631e-03
          1.30237756e+02          2.91415269e-84          2.95838809e-03          2.96976496e-03
          1.30492127e+02          9.14079295e-85          2.92978337e-03          2.94132349e-03
          1.30746497e+02          2.85721180e-85          2.90148207e-03          2.91317834e-03
          1.31000868e+02          8.89995872e-86          2.87348058e-03          2.88532605e-03
          1.31255239e+02          2.76261613e-86          2.84577534e-03          2.85776315e-03
          1.31509609e+02          8.54555135e-87          2.81836282e-03          2.83048627e-03
          1.31763980e+02          2.63418715e-87          2.79123957e-03          2.80349206e-03
          1.32018351e+02          8.09170720e-88          2.76440215e-03          2.77677721e-03
          1.32272721e+02          2.47696965e-88          2.73784720e-03          2.75033848e-03
          1.32527092e+02          7.55593488e-89          2.71157138e-03          2.72417266e-03
          1.32781462e+02          2.29690335e-89          2.68557140e-03          2.69827658e-03
          1.33035833e+02          6.95799687e-90          2.65984404e-03          2.67264711e-03
          1.33290204e+02          2.10045185e-90          2.63438608e-03          2.64728119e-03
          1.33544574e+02          6.31870714e-91          2.60919438e-03          2.62217577e-03
          1.33798945e+02          1.89422131e-91          2.58426582e-03          2.59732786e-03
          1.34053316e+02          5.65874601e-92          2.55959734e-03          2.57273450e-03
          1.34307686e+02          1.68459954e-92          2.53518589e-03          2.54839278e-03
          1.34562057e+02          4.99758455e-93          2.51102850e-03          2.52429981e-03
          1.34816427e+02          1.47744260e-93          2.48712221e-03          2.50045277e-03
          1.35070798e+02          4.35259316e-94          2.46346412e-03          2.47684885e-03
          1.35325169e+02          1.27782838e-94          2.44005134e-03          2.45348529e-03
          1.35579539e+02          3.73838457e-95          2.41688104e-03          2.43035935e-03
          1.35833910e+02          1.08988937e-95          2.39395043e-03          2.40746836e-03
          1.36088280e+02          3.16641513e-96          2.37125675e-03          2.38480966e-03
          1.36342651e+02          9.16727546e-97          2.34879726e-03          2.36238062e-03
          1.36597022e+02          2.64484182e-97          2.32656929e-03          2.34017867e-03
          1.36851392e+02          7.60407025e-98          2.30457017e-03          2.31820124e-03
          1.37105763e+02          2.17861019e-98          2.28279729e-03          2.29644583e-03
          1.37360134e+02          6.22013679e-99          2.26124806e-03          2.27490994e-03
          1.37614504e+02          1.76973131e-99          2.23991992e-03          2.25359112e-03
          1.37868875e+02         5.01766574e-100          2.21881037e-03          2.23248696e-03
          1.38123245e+02         1.41769600e-100          2.19791692e-03          2.21159506e-03
          1.38377616e+02         3.99164117e-101          2.17723710e-03          2.19091306e-03
          1.38631987e+02         1.11997123e-101          2.15676849e-03          2.17043863e-03
          1.38886357e+02         3.13147706e-102          2.13650871e-03          2.15016948e-03
          1.39140728e+02         8.72526441e-103          2.11645540e-03          2.13010332e-03
          1.39395098e+02         2.42267385e-103          2.09660621e-03          2.11023793e-03
          1.39649469e+02         6.70344888e-104          2.07695886e-03          2.09057110e-03
          1.39903840e+02         1.84836887e-104          2.05751106e-03          2.07110062e-03
          1.40158210e+02         5.07885697e-105          2.03826058e-03          2.05182436e-03
          1.40412581e+02         1.39068994e-105          2.01920520e-03          2.03274017e-03
          1.40666952e+02         3.79473663e-106          2.00034273e-03          2.01384596e-03
          1.40921322e+02         1.03185805e-106          1.98167102e-03          1.99513964e-03
          1.41175693e+02         2.79605218e-107          1.96318793e-03          1.97661918e-03
          1.41430063e+02         7.55018474e-108          1.94489135e-03          1.95828254e-03
          1.41684434e+02         2.03168736e-108          1.92677922e-03          1.94012772e-03
          1.41938805e+02         5.44807621e-109          1.90884947e-03          1.92215276e-03
          1.42193175e+02         1.45584944e-109          1.89110009e-03          1.90435569e-03
          1.42447546e+02         3.87682989e-110          1.87352906e-03          1.88673459e-03
          1.42701917e+02         1.02878357e-110          1.85613442e-03          1.86928757e-03
          1.42956287e+02         2.72055989e-111          1.83891421e-03          1.85201273e-03
          1.43210658e+02         7.16934625e-112          1.82186650e-03          1.83490823e-03
          1.43465028e+02         1.88272901e-112          1.80498939e-03          1.81797223e-03
          1.43719399e+02         4.92700571e-113          1.78828100e-03          1.80120292e-03
          1.43973770e+02         1.28488811e-113          1.77173948e-03          1.78459851e-03
          1.44228140e+02         3.33913941e-114          1.75536298e-03          1.76815724e-03
          1.44482511e+02         8.64750427e-115          1.73914970e-03          1.75187735e-03
          1.44736881e+02         2.23169075e-115          1.72309786e-03          1.73575713e-03
          1.44991252e+02         5.73937014e-116          1.70720567e-03          1.71979486e-03
          1.45245623e+02         1.47089425e-116          1.69147141e-03          1.70398888e-03
          1.45499993e+02         3.75651960e-117          1.67589333e-03          1.68833751e-03
          1.45754364e+02         9.56041758e-118          1.66046975e-03          1.67283910e-03
          1.46008735e+02         2.42468351e-118          1.64519898e-03          1.65749205e-03
          1.46263105e+02         6.12802107e-119          1.63007936e-03          1.64229474e-03
          1.46517476e+02         1.54337846e-119          1.61510924e-03          1.62724559e-03
          1.46771846e+02         3.87357183e-120          1.60028701e-03          1.61234303e-03
          1.47026217e+02         9.68808156e-121          1.58561106e-03          1.59758551e-03
          1.47280588e+02         2.41463201e-121          1.57107981e-03          1.58297151e-03
          1.47534958e+02         5.99723564e-122          1.55669170e-03          1.56849952e-03
          1.47789329e+02         1.48435667e-122          1.54244518e-03          1.55416804e-03
          1.48043699e+02         3.66110695e-123          1.52833874e-03          1.53997559e-03
          1.48298070e+02         8.99857121e-124          1.51437085e-03          1.52592072e-03
          1.48552441e+02         2.20405128e-124          1.50054003e-03          1.51200198e-03
          1.48806811e+02         5.37968472e-125          1.48684481e-03          1.49821796e-03
          1.49061182e+02         1.30851573e-125          1.47328374e-03          1.48456725e-03
          1.49315553e+02         3.17167052e-126          1.45985538e-03          1.47104844e-03
          1.49569923e+02         7.66097733e-127          1.44655831e-03          1.45766017e-03
          1.49824294e+02         1.84402703e-127          1.43339112e-03          1.44440109e-03
          1.50078664e+02         4.42320820e-128          1.42035244e-03          1.43126983e-03
          1.50333035e+02         1.05729085e-128          1.40744089e-03          1.41826509e-03
          1.50587406e+02         2.51848033e-129          1.39465512e-03          1.40538553e-03
          1.50841776e+02         5.97818904e-130          1.38199379e-03          1.39262988e-03
          1.51096147e+02         1.41412474e-130          1.36945558e-03          1.37999684e-03
          1.51350518e+02         3.33344111e-131          1.35703919e-03          1.36748514e-03
          1.51604888e+02         7.83041628e-132          1.34474332e-03          1.35509354e-03
          1.51859259e+02         1.83300609e-132          1.33256670e-03          1.34282079e-03
          1.52113629e+02         4.27592381e-133          1.32050807e-03          1.33066567e-03
          1.52368000e+02         9.93992259e-134          1.30856619e-03          1.31862697e-03
